0 1 3.538506
1 0 3.538506
0 2 2.515933
2 0 2.515933
1 2 4.059677
2 1 4.059677
0 3 1.172845
3 0 1.172845
1 3 2.689819
3 1 2.689819
2 3 1.483943
3 2 1.483943
0 4 1.807849
4 0 1.807849
0 5 2.370823
5 0 2.370823
0 6 1.216081
6 0 1.216081
4 6 3.227547
6 4 3.227547
5 6 3.434725
6 5 3.434725
0 7 3.106331
7 0 3.106331
1 7 2.649880
7 1 2.649880
2 7 4.531705
7 2 4.531705
3 7 2.567124
7 3 2.567124
0 8 2.369877
8 0 2.369877
2 8 3.491359
8 2 3.491359
2 9 3.645327
9 2 3.645327
0 10 2.779170
10 0 2.779170
4 10 1.159114
10 4 1.159114
5 10 3.126820
10 5 3.126820
0 11 2.977620
11 0 2.977620
0 12 3.819623
12 0 3.819623
3 12 2.776547
12 3 2.776547
0 13 1.969233
13 0 1.969233
1 13 1.783335
13 1 1.783335
2 13 4.946900
13 2 4.946900
3 13 1.482988
13 3 1.482988
5 16 2.069196
16 5 2.069196
6 16 4.025124
16 6 4.025124
0 17 1.518577
17 0 1.518577
1 17 3.394261
17 1 3.394261
0 19 2.041254
19 0 2.041254
1 19 1.257416
19 1 1.257416
0 21 2.863664
21 0 2.863664
1 21 3.775154
21 1 3.775154
23 25 1.476720
25 23 1.476720
24 25 3.344883
25 24 3.344883
2 27 1.631003
27 2 1.631003
23 27 1.259503
27 23 1.259503
24 27 3.743950
27 24 3.743950
2 28 1.267692
28 2 1.267692
23 29 4.195999
29 23 4.195999
26 29 4.241080
29 26 4.241080
1 30 2.393064
30 1 2.393064
8 30 4.575807
30 8 4.575807
0 31 4.909878
31 0 4.909878
24 31 4.379878
31 24 4.379878
25 31 4.378621
31 25 4.378621
28 31 2.241010
31 28 2.241010
2 32 2.392879
32 2 2.392879
8 32 4.768964
32 8 4.768964
14 32 3.023016
32 14 3.023016
15 32 3.348872
32 15 3.348872
18 32 4.267445
32 18 4.267445
20 32 1.784101
32 20 1.784101
22 32 1.108475
32 22 1.108475
23 32 2.189993
32 23 2.189993
29 32 4.871804
32 29 4.871804
30 32 3.364336
32 30 3.364336
31 32 2.173304
32 31 2.173304
8 33 1.815407
33 8 1.815407
9 33 1.441829
33 9 1.441829
13 33 4.211970
33 13 4.211970
14 33 3.350339
33 14 3.350339
15 33 4.545505
33 15 4.545505
18 33 4.811336
33 18 4.811336
19 33 3.436336
33 19 3.436336
20 33 1.869910
33 20 1.869910
22 33 1.912417
33 22 1.912417
23 33 1.874151
33 23 1.874151
26 33 3.170091
33 26 3.170091
27 33 3.103037
33 27 3.103037
28 33 1.400125
33 28 1.400125
29 33 3.157062
33 29 3.157062
30 33 3.829920
33 30 3.829920
31 33 3.994515
33 31 3.994515
32 33 3.117719
33 32 3.117719
